tax_id	abundance	species	genus	family	order	class	phylum	clade	superkingdom	subspecies	species subgroup	species group	estimated counts
1678128	0.0755517287144281	Limnohabitans sp. 63ED37-2	Limnohabitans	Comamonadaceae	Burkholderiales	Betaproteobacteria	Proteobacteria		Bacteria				2864.8460011223992
540060	0.0006712417783414767	Limnohabitans planktonicus	Limnohabitans	Comamonadaceae	Burkholderiales	Betaproteobacteria	Proteobacteria		Bacteria				25.452816992930455
540061	0.004095935060946394	Limnohabitans parvus	Limnohabitans	Comamonadaceae	Burkholderiales	Betaproteobacteria	Proteobacteria		Bacteria				155.3137615760263
436515	0.001961361487962947	Variovorax boronicumulans	Variovorax	Comamonadaceae	Burkholderiales	Betaproteobacteria	Proteobacteria		Bacteria				74.37286626206699
363844	0.00037180439985014854	Variovorax ginsengisoli	Variovorax	Comamonadaceae	Burkholderiales	Betaproteobacteria	Proteobacteria		Bacteria				14.098451037917782
34073	0.0030044511871025414	Variovorax paradoxus	Variovorax	Comamonadaceae	Burkholderiales	Betaproteobacteria	Proteobacteria		Bacteria				113.92578456374126
2509614	0.0045795923170289105	Rhodoferax sediminis	Rhodoferax	Comamonadaceae	Burkholderiales	Betaproteobacteria	Proteobacteria		Bacteria				173.65356106941925
1795631	0.0006232684275259014	Variovorax sp. PAMC 28711	Variovorax	Comamonadaceae	Burkholderiales	Betaproteobacteria	Proteobacteria		Bacteria				23.633715503354654
1678129	0.13338823451960644	Limnohabitans sp. 103DPR2	Limnohabitans	Comamonadaceae	Burkholderiales	Betaproteobacteria	Proteobacteria		Bacteria				5057.948464748956
1842727	0.001006397263955698	Rhodoferax koreense	Rhodoferax	Comamonadaceae	Burkholderiales	Betaproteobacteria	Proteobacteria		Bacteria				38.161577851936116
94132	0.014337583054763903	Ramlibacter tataouinensis	Ramlibacter	Comamonadaceae	Burkholderiales	Betaproteobacteria	Proteobacteria		Bacteria				543.6668118535924
553814	0.0014759370098836365	Acidovorax carolinensis	Acidovorax	Comamonadaceae	Burkholderiales	Betaproteobacteria	Proteobacteria		Bacteria				55.966055477777616
576610	0.00366922123291071	Polynucleobacter necessarius	Polynucleobacter	Burkholderiaceae	Burkholderiales	Betaproteobacteria	Proteobacteria		Bacteria				139.13319993074123
576611	0.017051518734252702	Polynucleobacter asymbioticus	Polynucleobacter	Burkholderiaceae	Burkholderiales	Betaproteobacteria	Proteobacteria		Bacteria				646.5765388841282
543913	0.02641907488286639	beta proteobacterium CB				Betaproteobacteria	Proteobacteria		Bacteria				1001.7849004834105
1835254	0.00038123735211321335	Polynucleobacter duraquae	Polynucleobacter	Burkholderiaceae	Burkholderiales	Betaproteobacteria	Proteobacteria		Bacteria				14.456139154780937
2527775	0.003743994503871601	Polynucleobacter paneuropaeus	Polynucleobacter	Burkholderiaceae	Burkholderiales	Betaproteobacteria	Proteobacteria		Bacteria				141.96852759230725
556054	0.0655251134901375	Polynucleobacter difficilis	Polynucleobacter	Burkholderiaceae	Burkholderiales	Betaproteobacteria	Proteobacteria		Bacteria				2484.6467784325237
2049319	0.02002554599794908	Polynucleobacter victoriensis	Polynucleobacter	Burkholderiaceae	Burkholderiales	Betaproteobacteria	Proteobacteria		Bacteria				759.3486786962311
351345	0.014462087040059341	Polynucleobacter cosmopolitanus	Polynucleobacter	Burkholderiaceae	Burkholderiales	Betaproteobacteria	Proteobacteria		Bacteria				548.3878784720101
94624	0.0005052368085529715	Bordetella petrii	Bordetella	Alcaligenaceae	Burkholderiales	Betaproteobacteria	Proteobacteria		Bacteria				19.158074543520126
445709	0.002928622176366605	Pandoraea thiooxydans	Pandoraea	Burkholderiaceae	Burkholderiales	Betaproteobacteria	Proteobacteria		Bacteria				111.0504243056453
29443	0.00430099720255746	Paucimonas lemoignei	Paucimonas	Burkholderiaceae	Burkholderiales	Betaproteobacteria	Proteobacteria		Bacteria				163.08951292377634
1581557	0.04478630478297066	Candidatus Methylopumilus planktonicus	Candidatus Methylopumilus	Methylophilaceae	Nitrosomonadales	Betaproteobacteria	Proteobacteria		Bacteria				1698.2518910654644
1055487	0.002157455074727814	Methylotenera versatilis	Methylotenera	Methylophilaceae	Nitrosomonadales	Betaproteobacteria	Proteobacteria		Bacteria				81.80853897860399
323423	0.02226287894656099	Limnohabitans curvus	Limnohabitans	Comamonadaceae	Burkholderiales	Betaproteobacteria	Proteobacteria		Bacteria				844.1861067746462
1917811	0.004538961169289096	Tibeticola sediminis	Tibeticola	Comamonadaceae	Burkholderiales	Betaproteobacteria	Proteobacteria		Bacteria				172.11286857827324
544681	0.007351312434701557	Limnohabitans australis	Limnohabitans	Comamonadaceae	Burkholderiales	Betaproteobacteria	Proteobacteria		Bacteria				278.75441621144836
2527691	0.005453656304278542	Rhodoferax sp. Gr-4	Rhodoferax	Comamonadaceae	Burkholderiales	Betaproteobacteria	Proteobacteria		Bacteria				206.79719340193802
131080	0.0012635172146985914	Limnobacter thiooxidans	Limnobacter	Burkholderiaceae	Burkholderiales	Betaproteobacteria	Proteobacteria		Bacteria				47.91130926415589
940136	0.015573032002806488	Sphingorhabdus wooponensis	Sphingorhabdus	Sphingomonadaceae	Sphingomonadales	Alphaproteobacteria	Proteobacteria		Bacteria				590.5138005144192
2025949	0.002366842359094994	Herbaspirillum sp. meg3	Herbaspirillum	Oxalobacteraceae	Burkholderiales	Betaproteobacteria	Proteobacteria		Bacteria				89.74829541452307
180195	0.0005085010373365679	Herbaspirillum autotrophicum	Herbaspirillum	Oxalobacteraceae	Burkholderiales	Betaproteobacteria	Proteobacteria		Bacteria				19.28185083476532
213312	0.00042536146866133855	Herbaspirillum lusitanum	Herbaspirillum	Oxalobacteraceae	Burkholderiales	Betaproteobacteria	Proteobacteria		Bacteria				16.129281530169298
341045	0.0010400736856826713	Herbaspirillum hiltneri	Herbaspirillum	Oxalobacteraceae	Burkholderiales	Betaproteobacteria	Proteobacteria		Bacteria				39.438554087401215
2603856	0.0060969843441795735	Lacisediminimonas profundi	Lacisediminimonas	Oxalobacteraceae	Burkholderiales	Betaproteobacteria	Proteobacteria		Bacteria				231.19154934694524
964	0.001969978409858155	Herbaspirillum seropedicae	Herbaspirillum	Oxalobacteraceae	Burkholderiales	Betaproteobacteria	Proteobacteria		Bacteria				74.69961132341137
2497863	0.0009652196786576965	Janthinobacterium sp. 17J80-10	Janthinobacterium	Oxalobacteraceae	Burkholderiales	Betaproteobacteria	Proteobacteria		Bacteria				36.600164995021196
1484693	0.018472407741710557	Rhodoferax saidenbachensis	Rhodoferax	Comamonadaceae	Burkholderiales	Betaproteobacteria	Proteobacteria		Bacteria				700.4552291579226
556053	0.09427591635060216	Polynucleobacter acidiphobus	Polynucleobacter	Burkholderiaceae	Burkholderiales	Betaproteobacteria	Proteobacteria		Bacteria				3574.8484720984834
2056873	0.004336207202373091	Chakrabartia godavariana	Chakrabartia	Sphingomonadaceae	Sphingomonadales	Alphaproteobacteria	Proteobacteria		Bacteria				164.42464090678524
1805971	0.0018891165237675666	Hydrogenophaga laconesensis	Hydrogenophaga	Comamonadaceae	Burkholderiales	Betaproteobacteria	Proteobacteria		Bacteria				71.63340946474236
545864	0.00036465328637101175	Pseudorhodoferax soli	Pseudorhodoferax	Comamonadaceae	Burkholderiales	Betaproteobacteria	Proteobacteria		Bacteria				13.827287965902395
1389192	0.0011272833709294158	Cupriavidus sp. USMAHM13	Cupriavidus	Burkholderiaceae	Burkholderiales	Betaproteobacteria	Proteobacteria		Bacteria				42.74545814227252
192843	0.000980830219804188	Rhodoferax ferrireducens	Rhodoferax	Comamonadaceae	Burkholderiales	Betaproteobacteria	Proteobacteria		Bacteria				37.192101104755004
82633	0.0007167084465258778	Cupriavidus pauculus	Cupriavidus	Burkholderiaceae	Burkholderiales	Betaproteobacteria	Proteobacteria		Bacteria				27.17686758381476
1458426	0.0005308895144962914	Serpentinomonas mccroryi	Serpentinomonas	Comamonadaceae	Burkholderiales	Betaproteobacteria	Proteobacteria		Bacteria				20.13079950018487
86182	0.001200987527787959	Curvibacter lanceolatus	Curvibacter	Comamonadaceae	Burkholderiales	Betaproteobacteria	Proteobacteria		Bacteria				45.54024606619162
230310	0.014645924042192074	Curvibacter gracilis	Curvibacter	Comamonadaceae	Burkholderiales	Betaproteobacteria	Proteobacteria		Bacteria				555.3587937558813
96344	0.0006335501452987608	Cupriavidus oxalaticus	Cupriavidus	Burkholderiaceae	Burkholderiales	Betaproteobacteria	Proteobacteria		Bacteria				24.02358795958371
82541	0.0005903445133122891	Cupriavidus gilardii	Cupriavidus	Burkholderiaceae	Burkholderiales	Betaproteobacteria	Proteobacteria		Bacteria				22.385273600288688
68895	0.000733870179276171	Cupriavidus basilensis	Cupriavidus	Burkholderiaceae	Burkholderiales	Betaproteobacteria	Proteobacteria		Bacteria				27.82762332797313
1925548	0.003974727235213271	Candidatus Fonsibacter ubiquis	Candidatus Fonsibacter		Pelagibacterales	Alphaproteobacteria	Proteobacteria		Bacteria				150.717682032052
80879	0.008819688393229146	Curvibacter delicatus	Curvibacter	Comamonadaceae	Burkholderiales	Betaproteobacteria	Proteobacteria		Bacteria				334.433764182856
998844	0.027390946537798	Allopseudarcicella aquatilis	Allopseudarcicella	Cytophagaceae	Cytophagales	Cytophagia	Bacteroidetes	FCB group	Bacteria				1038.6373017667624
2516559	0.02099659499698283	Aquirufa antheringensis	Aquirufa	Cytophagaceae	Cytophagales	Cytophagia	Bacteroidetes	FCB group	Bacteria				796.169885690592
41276	0.0003698349648171328	Brevundimonas vesicularis	Brevundimonas	Caulobacteraceae	Caulobacterales	Alphaproteobacteria	Proteobacteria		Bacteria				14.023772030900858
1827469	0.0013767535646721854	Brevundimonas sp. GW460-12-10-14-LB2	Brevundimonas	Caulobacteraceae	Caulobacterales	Alphaproteobacteria	Proteobacteria		Bacteria				52.205118418804595
172043	0.0008787036823984274	Brevundimonas nasdae	Brevundimonas	Caulobacteraceae	Caulobacterales	Alphaproteobacteria	Proteobacteria		Bacteria				33.319564932865966
2591463	0.0004996176947230727	Brevundimonas sp. M20	Brevundimonas	Caulobacteraceae	Caulobacterales	Alphaproteobacteria	Proteobacteria		Bacteria				18.945003366204194
1938605	0.0011749708302246273	Brevundimonas sp. LM2	Brevundimonas	Caulobacteraceae	Caulobacterales	Alphaproteobacteria	Proteobacteria		Bacteria				44.553718911287646
13160	0.00052335976102291	Brevundimonas bullata	Brevundimonas	Caulobacteraceae	Caulobacterales	Alphaproteobacteria	Proteobacteria		Bacteria				19.845278778227723
37482	0.0008221426033508809	Laceyella sacchari	Laceyella	Thermoactinomycetaceae	Bacillales	Bacilli	Firmicutes	Terrabacteria group	Bacteria				31.174825376462053
85698	0.0008707848700854486	Achromobacter xylosoxidans	Achromobacter	Alcaligenaceae	Burkholderiales	Betaproteobacteria	Proteobacteria		Bacteria				33.01929148877012
520	0.0008333237834887302	Bordetella pertussis	Bordetella	Alcaligenaceae	Burkholderiales	Betaproteobacteria	Proteobacteria		Bacteria				31.59880454610916
1813871	0.00185044512733721	Panacibacter ginsenosidivorans	Panacibacter	Chitinophagaceae	Chitinophagales	Chitinophagia	Bacteroidetes	FCB group	Bacteria				70.16702878349967
1892851	0.0029334516261321246	Flavitalea flava	Flavitalea	Chitinophagaceae	Chitinophagales	Chitinophagia	Bacteroidetes	FCB group	Bacteria				111.23355221130403
1706829	0.0027820599140746306	Sediminibacterium aquarii	Sediminibacterium	Chitinophagaceae	Chitinophagales	Chitinophagia	Bacteroidetes	FCB group	Bacteria				105.49292988179592
426421	0.0005921996309286204	Sediminibacterium salmoneum	Sediminibacterium	Chitinophagaceae	Chitinophagales	Chitinophagia	Bacteroidetes	FCB group	Bacteria				22.455617805182357
1813470	0.0007294672215165797	Arvibacter flaviflagrans	Arvibacter	Chitinophagaceae	Chitinophagales	Chitinophagia	Bacteroidetes	FCB group	Bacteria				27.66066757268719
1086393	0.0005079928120732929	Sediminibacterium goheungense	Sediminibacterium	Chitinophagaceae	Chitinophagales	Chitinophagia	Bacteroidetes	FCB group	Bacteria				19.262579441007194
1789691	0.000837937629770504	Flaviaesturariibacter luteus	Flaviaesturariibacter	Chitinophagaceae	Chitinophagales	Chitinophagia	Bacteroidetes	FCB group	Bacteria				31.77375698326774
375286	0.002928056209806188	Janthinobacterium sp. Marseille	Janthinobacterium	Oxalobacteraceae	Burkholderiales	Betaproteobacteria	Proteobacteria		Bacteria				111.02896341964085
1465823	0.0006823602078885686	Noviherbaspirillum massiliense	Noviherbaspirillum	Oxalobacteraceae	Burkholderiales	Betaproteobacteria	Proteobacteria		Bacteria				25.874416722926632
247486	0.0007753297354966421	Curvibacter fontanus	Curvibacter	Comamonadaceae	Burkholderiales	Betaproteobacteria	Proteobacteria		Bacteria				29.39972824029717
1926872	0.0009674671494934637	Ramlibacter monticola	Ramlibacter	Comamonadaceae	Burkholderiales	Betaproteobacteria	Proteobacteria		Bacteria				36.68538684164265
1496690	0.0009115283786891911	Rhizobium marinum	Rhizobium	Rhizobiaceae	Rhizobiales	Alphaproteobacteria	Proteobacteria		Bacteria				34.56424459151544
550982	0.000673563589717131	Parasegetibacter luojiensis	Parasegetibacter	Chitinophagaceae	Chitinophagales	Chitinophagia	Bacteroidetes	FCB group	Bacteria				25.54085775848389
661488	0.0020525127671289826	Pseudobacter ginsenosidimutans	Pseudobacter	Chitinophagaceae	Chitinophagales	Chitinophagia	Bacteroidetes	FCB group	Bacteria				77.82923161676389
413882	0.0011806346699699591	[Polyangium] brachysporum			Burkholderiales	Betaproteobacteria	Proteobacteria		Bacteria				44.76848605059088
54067	0.0024615850942972363	Xylophilus ampelinus	Xylophilus		Burkholderiales	Betaproteobacteria	Proteobacteria		Bacteria				93.3408451906569
32040	0.0011631733595009117	Acidovorax konjaci	Acidovorax	Comamonadaceae	Burkholderiales	Betaproteobacteria	Proteobacteria		Bacteria				44.10637061891507
1177982	0.0004063830166031188	Acidovorax wautersii	Acidovorax	Comamonadaceae	Burkholderiales	Betaproteobacteria	Proteobacteria		Bacteria				15.409637606573662
187868	0.0003725873604458133	Acidovorax valerianellae	Acidovorax	Comamonadaceae	Burkholderiales	Betaproteobacteria	Proteobacteria		Bacteria				14.128140120744794
2478662	0.0021901033317762745	Acidovorax sp. 1608163	Acidovorax	Comamonadaceae	Burkholderiales	Betaproteobacteria	Proteobacteria		Bacteria				83.04652823762456
1842533	0.0005500530552860726	Acidovorax sp. RAC01	Acidovorax	Comamonadaceae	Burkholderiales	Betaproteobacteria	Proteobacteria		Bacteria				20.857461803392585
358220	0.0004360329455230414	Acidovorax sp. KKS102	Acidovorax	Comamonadaceae	Burkholderiales	Betaproteobacteria	Proteobacteria		Bacteria				16.533933261288208
12917	0.0004365651501566544	Acidovorax facilis	Acidovorax	Comamonadaceae	Burkholderiales	Betaproteobacteria	Proteobacteria		Bacteria				16.554113928790176
864828	0.0009143402565306767	Massilia umbonata	Massilia	Oxalobacteraceae	Burkholderiales	Betaproteobacteria	Proteobacteria		Bacteria				34.67086818738673
321983	0.00176102483933038	Massilia albidiflava	Massilia	Oxalobacteraceae	Burkholderiales	Betaproteobacteria	Proteobacteria		Bacteria				66.77630088256868
2100740	0.002628910110948908	Pedobacter mongoliensis	Pedobacter	Sphingobacteriaceae	Sphingobacteriales	Sphingobacteriia	Bacteroidetes	FCB group	Bacteria				99.68564249707164
1122943	0.0009140791861121677	Daejeonella oryzae	Pedobacter	Sphingobacteriaceae	Sphingobacteriales	Sphingobacteriia	Bacteroidetes	FCB group	Bacteria				34.66096865818729
424488	0.0012518307643420992	Cerasicoccus arenae	Cerasicoccus	Puniceicoccaceae	Puniceicoccales	Opitutae	Verrucomicrobia	PVC group	Bacteria				47.46817075308806
1804625	0.009163403743156641	Ruficoccus amylovorans	Ruficoccus	Puniceicoccaceae	Puniceicoccales	Opitutae	Verrucomicrobia	PVC group	Bacteria				347.46710653675666
395922	0.0008944454397175444	Coraliomargarita akajimensis	Coraliomargarita	Puniceicoccaceae	Puniceicoccales	Opitutae	Verrucomicrobia	PVC group	Bacteria				33.91647662864957
490090	0.0027134024771072215	Cerasicoccus frondis	Cerasicoccus	Puniceicoccaceae	Puniceicoccales	Opitutae	Verrucomicrobia	PVC group	Bacteria				102.88950852942874
388746	0.0005333921327682032	Puniceicoccus vermicola	Puniceicoccus	Puniceicoccaceae	Puniceicoccales	Opitutae	Verrucomicrobia	PVC group	Bacteria				20.225696282437497
502333	0.0005005502057361762	Ramlibacter ginsenosidimutans	Ramlibacter	Comamonadaceae	Burkholderiales	Betaproteobacteria	Proteobacteria		Bacteria				18.980363251310067
1082851	0.0016407324979989184	Comamonas serinivorans	Comamonas	Comamonadaceae	Burkholderiales	Betaproteobacteria	Proteobacteria		Bacteria				62.214935591620986
34103	0.00040292066542911537	Sphaerotilus natans	Sphaerotilus		Burkholderiales	Betaproteobacteria	Proteobacteria		Bacteria				15.278348712406626
177412	0.008787153799193405	Fucophilus fucoidanolyticus	Fucophilus	Verrucomicrobiaceae	Verrucomicrobiales	Verrucomicrobiae	Verrucomicrobia	PVC group	Bacteria				333.20008491161474
1838286	0.0006684590444109908	Lacunisphaera limnophila	Lacunisphaera	Opitutaceae	Opitutales	Opitutae	Verrucomicrobia	PVC group	Bacteria				25.34729850502036
1548208	0.00032527030841704235	Cephaloticoccus capnophilus	Cephaloticoccus	Opitutaceae	Opitutales	Opitutae	Verrucomicrobia	PVC group	Bacteria				12.333924824865829
1637999	0.0007261188580958061	Verrucomicrobia bacterium IMCC26134					Verrucomicrobia	PVC group	Bacteria				27.53370098013487
1548207	0.0035027226802185796	Cephaloticoccus primus	Cephaloticoccus	Opitutaceae	Opitutales	Opitutae	Verrucomicrobia	PVC group	Bacteria				132.81974131120833
431270	0.0011332738134178543	Pelagicoccus croceus	Pelagicoccus	Puniceicoccaceae	Puniceicoccales	Opitutae	Verrucomicrobia	PVC group	Bacteria				42.972609730991614
78554	0.0012989480704045217	Alterococcus agarolyticus	Alterococcus	Opitutaceae	Opitutales	Opitutae	Verrucomicrobia	PVC group	Bacteria				49.254811881669056
415222	0.0003467222126911115	Pelagicoccus albus	Pelagicoccus	Puniceicoccaceae	Puniceicoccales	Opitutae	Verrucomicrobia	PVC group	Bacteria				13.147359583034257
1224302	0.0006125015013190598	Undibacterium terreum	Undibacterium	Oxalobacteraceae	Burkholderiales	Betaproteobacteria	Proteobacteria		Bacteria				23.22544442851743
1884904	0.006254822283133062	Candidatus Planktophila sulfonica	Candidatus Planktophila	Candidatus Nanopelagicaceae	Candidatus Nanopelagicales	Actinobacteria	Actinobacteria	Terrabacteria group	Bacteria				237.1766061541226
1848255	0.0052229311167746465	Actinobacteria bacterium IMCC25003					Actinobacteria	Terrabacteria group	Bacteria				198.04832501697783
1884914	0.00046402292355193444	Candidatus Planktophila dulcis	Candidatus Planktophila	Candidatus Nanopelagicaceae	Candidatus Nanopelagicales	Actinobacteria	Actinobacteria	Terrabacteria group	Bacteria				17.5952852381658
1884905	0.0016643496272254186	Candidatus Planktophila versatilis	Candidatus Planktophila	Candidatus Nanopelagicaceae	Candidatus Nanopelagicales	Actinobacteria	Actinobacteria	Terrabacteria group	Bacteria				63.11047351476065
169056	0.007346876394464101	Nordella oligomobilis	Nordella		Rhizobiales	Alphaproteobacteria	Proteobacteria		Bacteria				278.5862060016842
685828	0.003590044663454223	Armatimonas rosea	Armatimonas	Armatimonadaceae	Armatimonadales	Armatimonadia	Armatimonadetes	Terrabacteria group	Bacteria				136.13090359352069
151783	0.0007270441429594381	Cupriavidus campinensis	Cupriavidus	Burkholderiaceae	Burkholderiales	Betaproteobacteria	Proteobacteria		Bacteria				27.568786856878933
29360	0.0007673335160317895	Cellulosilyticum lentocellum	Cellulosilyticum	Lachnospiraceae	Clostridiales	Clostridia	Firmicutes	Terrabacteria group	Bacteria				29.096519594409425
93220	0.0006472153600899839	Pandoraea pnomenusa	Pandoraea	Burkholderiaceae	Burkholderiales	Betaproteobacteria	Proteobacteria		Bacteria				24.541759239252098
706182	0.0010961907371882709	Flavobacterium chungnamense	Flavobacterium	Flavobacteriaceae	Flavobacteriales	Flavobacteriia	Bacteroidetes	FCB group	Bacteria				41.566456563442046
187303	0.003069266560805244	Methylocystis sp. SC2	Methylocystis	Methylocystaceae	Rhizobiales	Alphaproteobacteria	Proteobacteria		Bacteria				116.38351871917405
655015	0.0017119653860908212	Methylocystis bryophila	Methylocystis	Methylocystaceae	Rhizobiales	Alphaproteobacteria	Proteobacteria		Bacteria				64.91601547517784
29468	0.0019717030671433686	Methylocystis echinoides	Methylocystis	Methylocystaceae	Rhizobiales	Alphaproteobacteria	Proteobacteria		Bacteria				74.76500860300939
391905	0.0006571649158043475	Methylocystis heyeri	Methylocystis	Methylocystaceae	Rhizobiales	Alphaproteobacteria	Proteobacteria		Bacteria				24.919036442385053
426	0.0038860157932816414	Methylosinus trichosporium	Methylosinus	Methylocystaceae	Rhizobiales	Alphaproteobacteria	Proteobacteria		Bacteria				147.35383286544655
2572036	0.0004972159470991546	Beijerinckiaceae bacterium RH AL1		Beijerinckiaceae	Rhizobiales	Alphaproteobacteria	Proteobacteria		Bacteria				18.853931498052845
1632865	0.005754788244584394	Pirellula sp. SH-Sr6A	Pirellula	Pirellulaceae	Pirellulales	Planctomycetia	Planctomycetes	PVC group	Bacteria				218.21581544639562
232348	0.014146225153059418	Synechococcus sp. CB0101	Synechococcus	Synechococcaceae	Synechococcales		Cyanobacteria	Terrabacteria group	Bacteria				536.4107115788601
1851505	0.0007423460451924861	Cyanobium sp. NIES-981	Cyanobium	Synechococcaceae	Synechococcales		Cyanobacteria	Terrabacteria group	Bacteria				28.14901968765388
59930	0.0006543507589319268	Cyanobium gracile	Cyanobium	Synechococcaceae	Synechococcales		Cyanobacteria	Terrabacteria group	Bacteria				24.81232642793973
292587	0.0005904026521944112	Synechococcus rubescens	Synechococcus	Synechococcaceae	Synechococcales		Cyanobacteria	Terrabacteria group	Bacteria				22.387478168559877
296591	0.007770771171155665	Polaromonas sp. JS666	Polaromonas	Comamonadaceae	Burkholderiales	Betaproteobacteria	Proteobacteria		Bacteria				294.65987203905166
2268087	0.0014609210803283078	Polaromonas sp. SP1	Polaromonas	Comamonadaceae	Burkholderiales	Betaproteobacteria	Proteobacteria		Bacteria				55.39666644496911
1547922	0.0028090381428263014	Ideonella sakaiensis	Ideonella		Burkholderiales	Betaproteobacteria	Proteobacteria		Bacteria				106.51591733783052
28068	0.0011291110419221323	Rubrivivax gelatinosus	Rubrivivax		Burkholderiales	Betaproteobacteria	Proteobacteria		Bacteria				42.81476159864533
1658665	0.0007486184469813007	Mitsuaria sp. 7	Mitsuaria		Burkholderiales	Betaproteobacteria	Proteobacteria		Bacteria				28.38686289108394
513160	0.000603413445316297	Ideonella azotifigens	Ideonella		Burkholderiales	Betaproteobacteria	Proteobacteria		Bacteria				22.880834432948664
1884913	0.00595727934380551	Candidatus Planktophila lacus	Candidatus Planktophila	Candidatus Nanopelagicaceae	Candidatus Nanopelagicales	Actinobacteria	Actinobacteria	Terrabacteria group	Bacteria				225.89407543776116
1848756	0.0006026169304364202	Actinobacteria bacterium IMCC26103					Actinobacteria	Terrabacteria group	Bacteria				22.85063138521862
279113	0.0005851386572318273	Collimonas pratensis	Collimonas	Oxalobacteraceae	Burkholderiales	Betaproteobacteria	Proteobacteria		Bacteria				22.187872743573656
76731	0.0003901391744609097	Roseateles depolymerans	Roseateles		Burkholderiales	Betaproteobacteria	Proteobacteria		Bacteria				14.793687356383236
105560	0.0004706481656302811	Methylibium petroleiphilum	Methylibium		Burkholderiales	Betaproteobacteria	Proteobacteria		Bacteria				17.846507792534627
1768242	0.0011315409473552419	Paucibacter sp. KCTC 42545	Paucibacter		Burkholderiales	Betaproteobacteria	Proteobacteria		Bacteria				42.90690118276342
47994	0.00039435844412284856	Leptothrix mobilis	Leptothrix		Burkholderiales	Betaproteobacteria	Proteobacteria		Bacteria				14.953677842694294
34029	0.0018782489954904096	Leptothrix cholodnii	Leptothrix		Burkholderiales	Betaproteobacteria	Proteobacteria		Bacteria				71.22132366000085
47671	0.0018850940581060082	Lautropia mirabilis	Lautropia	Burkholderiaceae	Burkholderiales	Betaproteobacteria	Proteobacteria		Bacteria				71.48088158932173
1978412	0.001767810618709424	Sediminibacterium roseum	Sediminibacterium	Chitinophagaceae	Chitinophagales	Chitinophagia	Bacteroidetes	FCB group	Bacteria				67.03361085084265
1848754	0.0030521612054415347	Actinobacteria bacterium IMCC19121					Actinobacteria	Terrabacteria group	Bacteria				115.73490074913755
1884916	0.0006722320903225284	Candidatus Nanopelagicus abundans	Candidatus Nanopelagicus	Candidatus Nanopelagicaceae	Candidatus Nanopelagicales	Actinobacteria	Actinobacteria	Terrabacteria group	Bacteria				25.49036863293995
1884634	0.0004167019243668689	Candidatus Nanopelagicus limnes	Candidatus Nanopelagicus	Candidatus Nanopelagicaceae	Candidatus Nanopelagicales	Actinobacteria	Actinobacteria	Terrabacteria group	Bacteria				15.800920270067303
1296669	0.0004974534351778842	Aquabacterium olei	Aquabacterium		Burkholderiales	Betaproteobacteria	Proteobacteria		Bacteria				18.86293680851019
391953	0.00040501884846788427	Aquincola tertiaricarbonis	Aquincola		Burkholderiales	Betaproteobacteria	Proteobacteria		Bacteria				15.357909715053703
89	0.0003493450013056423	Leptothrix discophora	Leptothrix		Burkholderiales	Betaproteobacteria	Proteobacteria		Bacteria				13.246813104508652
573600	0.006284645802408268	Candidatus Planktophila limnetica	Candidatus Planktophila	Candidatus Nanopelagicaceae	Candidatus Nanopelagicales	Actinobacteria	Actinobacteria	Terrabacteria group	Bacteria				238.3074841815191
1539049	0.002032552547752755	Dinghuibacter silviterrae	Dinghuibacter	Chitinophagaceae	Chitinophagales	Chitinophagia	Bacteroidetes	FCB group	Bacteria				77.07236005823671
1738054	0.0010121415355903913	Arvibacter aurantiibacter	Arvibacter	Chitinophagaceae	Chitinophagales	Chitinophagia	Bacteroidetes	FCB group	Bacteria				38.37939488805205
563170	0.0009023787903031416	Ferruginibacter alkalilentus	Ferruginibacter	Chitinophagaceae	Chitinophagales	Chitinophagia	Bacteroidetes	FCB group	Bacteria				34.21730134950483
191579	0.002452746820674154	Fluviicola taffensis	Fluviicola	Crocinitomicaceae	Flavobacteriales	Flavobacteriia	Bacteroidetes	FCB group	Bacteria				93.00570669314325
2489595	0.00045340732762866944	Glaciecola sp. THG-3.7	Glaciecola	Alteromonadaceae	Alteromonadales	Gammaproteobacteria	Proteobacteria		Bacteria				17.192752456351517
373040	0.0004149932074964028	Massilia aurea	Massilia	Oxalobacteraceae	Burkholderiales	Betaproteobacteria	Proteobacteria		Bacteria				15.7361274350561
1173032	0.0006773991487436159	Chamaesiphon minutus	Chamaesiphon	Chamaesiphonaceae	Synechococcales		Cyanobacteria	Terrabacteria group	Bacteria				25.686298321209172
1913578	0.0011302370710901516	Sphingopyxis sp. LPB0140	Sphingopyxis	Sphingomonadaceae	Sphingomonadales	Alphaproteobacteria	Proteobacteria		Bacteria				42.85745949866746
2072590	0.0007001871610275818	Massilia armeniaca	Massilia	Oxalobacteraceae	Burkholderiales	Betaproteobacteria	Proteobacteria		Bacteria				26.550396959004875
1581680	0.005134359129931608	Candidatus Methylopumilus turicensis	Candidatus Methylopumilus	Methylophilaceae	Nitrosomonadales	Betaproteobacteria	Proteobacteria		Bacteria				194.68976384787663
713887	0.0004025360929464026	Candidatus Atelocyanobacterium thalassa	Candidatus Atelocyanobacterium	Aphanothecaceae	Chroococcales		Cyanobacteria	Terrabacteria group	Bacteria				15.26376610843464
796384	0.0006497853399690702	Flavitalea populi	Flavitalea	Chitinophagaceae	Chitinophagales	Chitinophagia	Bacteroidetes	FCB group	Bacteria				24.639210306287172
2024524	0.0012246980273347868	Terrimonas soli	Terrimonas	Chitinophagaceae	Chitinophagales	Chitinophagia	Bacteroidetes	FCB group	Bacteria				46.43932449850778
207340	0.0005197905536760799	Roseomonas mucosa	Roseomonas	Acetobacteraceae	Rhodospirillales	Alphaproteobacteria	Proteobacteria		Bacteria				19.709938004843274
1346889	0.0009362105449294458	Roseomonas eburnea	Roseomonas	Acetobacteraceae	Rhodospirillales	Alphaproteobacteria	Proteobacteria		Bacteria				35.50016765317965
589035	0.0006378747261483005	Gemmobacter caeni	Gemmobacter	Rhodobacteraceae	Rhodobacterales	Alphaproteobacteria	Proteobacteria		Bacteria				24.187571740817408
1075	0.0020886889934685652	Rhodobacter blasticus	Rhodobacter	Rhodobacteraceae	Rhodobacterales	Alphaproteobacteria	Proteobacteria		Bacteria				79.20099794333453
909926	0.00046504107612006324	Tabrizicola aquatica	Tabrizicola	Rhodobacteraceae	Rhodobacterales	Alphaproteobacteria	Proteobacteria		Bacteria				17.63389256539668
2494374	0.0015754898993798317	Tabrizicola piscis	Tabrizicola	Rhodobacteraceae	Rhodobacterales	Alphaproteobacteria	Proteobacteria		Bacteria				59.74100149458384
1446479	0.0006895031176547574	Arenimonas maotaiensis	Arenimonas	Xanthomonadaceae	Xanthomonadales	Gammaproteobacteria	Proteobacteria		Bacteria				26.145268718350746
2678302	0.0006249221969899453	Mucibacter soli	Mucibacter	Chitinophagaceae	Chitinophagales	Chitinophagia	Bacteroidetes	FCB group	Bacteria				23.696424787661734
708199	0.0004648754946084499	Flavitalea gansuensis	Flavitalea	Chitinophagaceae	Chitinophagales	Chitinophagia	Bacteroidetes	FCB group	Bacteria				17.62761388005781
1834163	0.00047778949180741673	Flavihumibacter stibioxidans	Flavihumibacter	Chitinophagaceae	Chitinophagales	Chitinophagia	Bacteroidetes	FCB group	Bacteria				18.117299739845436
2315862	0.00038441816857188966	Paraflavitalea soli	Paraflavitalea	Chitinophagaceae	Chitinophagales	Chitinophagia	Bacteroidetes	FCB group	Bacteria				14.576752534077484
467091	0.0023635329959688215	Ilumatobacter fluminis	Ilumatobacter	Ilumatobacteraceae	Acidimicrobiales	Acidimicrobiia	Actinobacteria	Terrabacteria group	Bacteria				89.62280767414174
467093	0.0025706899905084957	Ilumatobacter nonamiensis	Ilumatobacter	Ilumatobacteraceae	Acidimicrobiales	Acidimicrobiia	Actinobacteria	Terrabacteria group	Bacteria				97.47799375009164
1428345	0.0022634106048204147	Roseomonas wooponensis	Roseomonas	Acetobacteraceae	Rhodospirillales	Alphaproteobacteria	Proteobacteria		Bacteria				85.8262667241853
203699	0.0019249040115264793	Derxia gummosa	Derxia	Alcaligenaceae	Burkholderiales	Betaproteobacteria	Proteobacteria		Bacteria				72.99043521307257
48937	0.00042141626587392274	Novosphingobium stygium	Novosphingobium	Sphingomonadaceae	Sphingomonadales	Alphaproteobacteria	Proteobacteria		Bacteria				15.979683385673276
1508805	0.0011312835770042433	Sphingorhabdus buctiana	Sphingorhabdus	Sphingomonadaceae	Sphingomonadales	Alphaproteobacteria	Proteobacteria		Bacteria				42.8971419564239
1176536	0.0006610237346424932	Novosphingobium ginsenosidimutans	Novosphingobium	Sphingomonadaceae	Sphingomonadales	Alphaproteobacteria	Proteobacteria		Bacteria				25.0653589939087
945844	0.00038929721537150214	Massilia oculi	Massilia	Oxalobacteraceae	Burkholderiales	Betaproteobacteria	Proteobacteria		Bacteria				14.761761109671989
86669	0.000598319559332042	Acidovorax defluvii	Acidovorax	Comamonadaceae	Burkholderiales	Betaproteobacteria	Proteobacteria		Bacteria				22.6876793703117
911197	0.00044763543342656134	Phaeocystidibacter luteus	Phaeocystidibacter	Schleiferiaceae	Flavobacteriales	Flavobacteriia	Bacteroidetes	FCB group	Bacteria				16.97388800010178
1577780	0.0009859638471869938	Phaeocystidibacter marisrubri	Phaeocystidibacter	Schleiferiaceae	Flavobacteriales	Flavobacteriia	Bacteroidetes	FCB group	Bacteria				37.38676312148362
535712	0.00046475323840429965	Candidatus Rhodoluna planktonica	Rhodoluna	Microbacteriaceae	Micrococcales	Actinobacteria	Actinobacteria	Terrabacteria group	Bacteria				17.622978047052637
232537	0.002333401540939521	Rhodoluna limnophila	Rhodoluna	Microbacteriaceae	Micrococcales	Actinobacteria	Actinobacteria	Terrabacteria group	Bacteria				88.4802530308857
529884	0.0012849950450065887	Rhodoluna lacicola	Rhodoluna	Microbacteriaceae	Micrococcales	Actinobacteria	Actinobacteria	Terrabacteria group	Bacteria				48.72572711160483
507003	0.000703100839303615	Candidatus Limnoluna rubra	Candidatus Limnoluna	Microbacteriaceae	Micrococcales	Actinobacteria	Actinobacteria	Terrabacteria group	Bacteria				26.660880725553778
2169400	0.000662640673790432	Gemmobacter sp. HYN0069	Gemmobacter	Rhodobacteraceae	Rhodobacterales	Alphaproteobacteria	Proteobacteria		Bacteria				25.12667170945939
875041	0.0004652681491376946	Gemmobacter tilapiae	Gemmobacter	Rhodobacteraceae	Rhodobacterales	Alphaproteobacteria	Proteobacteria		Bacteria				17.64250294715224
742013	0.001559371218181092	Delftia sp. Cs1-4	Delftia	Comamonadaceae	Burkholderiales	Betaproteobacteria	Proteobacteria		Bacteria				59.12979722220883
1678131	0.0013594046331784416	Pseudorhodobacter psychrotolerans	Pseudorhodobacter	Rhodobacteraceae	Rhodobacterales	Alphaproteobacteria	Proteobacteria		Bacteria				51.54726428549333
340221	0.0012254610015634665	Alsobacter metallidurans	Alsobacter		Rhizobiales	Alphaproteobacteria	Proteobacteria		Bacteria				46.468255718285086
985	0.0017167268635698211	Cytophaga hutchinsonii	Cytophaga	Cytophagaceae	Cytophagales	Cytophagia	Bacteroidetes	FCB group	Bacteria				65.09656593970405
649196	0.0006407556185177594	Sphingobacterium hotanense	Sphingobacterium	Sphingobacteriaceae	Sphingobacteriales	Sphingobacteriia	Bacteroidetes	FCB group	Bacteria				24.296812298574917
866807	0.0010869986629518194	Aureibacter tunicatorum	Aureibacter	Persicobacteraceae	Cytophagales	Cytophagia	Bacteroidetes	FCB group	Bacteria				41.21790230047004
359408	0.0008620553749203616	Methylotenera mobilis	Methylotenera	Methylophilaceae	Nitrosomonadales	Betaproteobacteria	Proteobacteria		Bacteria				32.68827776160519
424218	0.0004942743259558139	Georgfuchsia toluolica	Georgfuchsia	Sterolibacteriaceae	Nitrosomonadales	Betaproteobacteria	Proteobacteria		Bacteria				18.74238816591851
2565555	0.0005728928984116981	Sphingomonas sp. PAMC26645	Sphingomonas	Sphingomonadaceae	Sphingomonadales	Alphaproteobacteria	Proteobacteria		Bacteria				21.72352581487318
529882	0.0003987609055246085	Candidatus Aquiluna rubra	Candidatus Aquiluna	Microbacteriaceae	Micrococcales	Actinobacteria	Actinobacteria	Terrabacteria group	Bacteria				15.12061477658763
500017	0.0009049216474948654	Candidatus Planktoluna difficilis	Candidatus Planktoluna	Microbacteriaceae	Micrococcales	Actinobacteria	Actinobacteria	Terrabacteria group	Bacteria				34.3137239513578
40214	0.003422330445033269	Acinetobacter johnsonii	Acinetobacter	Moraxellaceae	Pseudomonadales	Gammaproteobacteria	Proteobacteria		Bacteria				129.7713481452165
29430	0.0009412612851715645	Acinetobacter haemolyticus	Acinetobacter	Moraxellaceae	Pseudomonadales	Gammaproteobacteria	Proteobacteria		Bacteria				35.69168667242055
28090	0.0008390404496272947	Acinetobacter lwoffii	Acinetobacter	Moraxellaceae	Pseudomonadales	Gammaproteobacteria	Proteobacteria		Bacteria				31.815574809417388
2350	0.0032074424160859114	Haliscomenobacter hydrossis	Haliscomenobacter	Haliscomenobacteraceae	Saprospirales	Saprospiria	Bacteroidetes	FCB group	Bacteria				121.62300897556167
533	0.0012650327809285741	Beijerinckia indica	Beijerinckia	Beijerinckiaceae	Rhizobiales	Alphaproteobacteria	Proteobacteria		Bacteria				47.968778020030605
569860	0.0008079195086388383	Methylovirgula ligni	Methylovirgula	Beijerinckiaceae	Rhizobiales	Alphaproteobacteria	Proteobacteria		Bacteria				30.635499848076112
1524097	0.000979720006669471	Massilia glaciei	Massilia	Oxalobacteraceae	Burkholderiales	Betaproteobacteria	Proteobacteria		Bacteria				37.150002932899675
1310417	0.0005327492036903743	Ferruginibacter paludis	Ferruginibacter	Chitinophagaceae	Chitinophagales	Chitinophagia	Bacteroidetes	FCB group	Bacteria				20.201317054735302
210512	0.000602904905453549	Sandarakinorhabdus limnophila	Sandarakinorhabdus	Sphingomonadaceae	Sphingomonadales	Alphaproteobacteria	Proteobacteria		Bacteria				22.861551109893124
1164	0.0011528425213323773	Trichormus azollae	Trichormus	Nostocaceae	Nostocales		Cyanobacteria	Terrabacteria group	Bacteria				43.714635566402414
1165	0.0009894008504481961	Anabaena cylindrica	Anabaena	Nostocaceae	Nostocales		Cyanobacteria	Terrabacteria group	Bacteria				37.517090848145145
995	0.003172255980591387	Solitalea canadensis	Solitalea	Sphingobacteriaceae	Sphingobacteriales	Sphingobacteriia	Bacteroidetes	FCB group	Bacteria				120.2887745280448
1896196	0.0005495047953056	Porphyrobacter sp. LM 6	Porphyrobacter	Erythrobacteraceae	Sphingomonadales	Alphaproteobacteria	Proteobacteria		Bacteria				20.83667233319305
748831	0.0010413817339057824	Brevifollis gellanilyticus	Brevifollis	Verrucomicrobiaceae	Verrucomicrobiales	Verrucomicrobiae	Verrucomicrobia	PVC group	Bacteria				39.48815396797336
543615	0.0012998833643907241	Solitalea koreensis	Solitalea	Sphingobacteriaceae	Sphingobacteriales	Sphingobacteriia	Bacteroidetes	FCB group	Bacteria				49.290277294331865
1333996	0.0007333600768033761	Variibacter gotjawalensis	Variibacter	Bradyrhizobiaceae	Rhizobiales	Alphaproteobacteria	Proteobacteria		Bacteria				27.80828075230722
1776391	0.0015418786352403928	Romboutsia timonensis	Romboutsia	Peptostreptococcaceae	Clostridiales	Clostridia	Firmicutes	Terrabacteria group	Bacteria				58.46649596968046
1115758	0.0006700408972063165	Romboutsia ilealis	Romboutsia	Peptostreptococcaceae	Clostridiales	Clostridia	Firmicutes	Terrabacteria group	Bacteria				25.407280781166317
667306	0.0008220640924295778	Aciditerrimonas ferrireducens	Aciditerrimonas	Acidimicrobiaceae	Acidimicrobiales	Acidimicrobiia	Actinobacteria	Terrabacteria group	Bacteria				31.17184832083716
1541	0.0005423066659693487	Terrisporobacter mayombei	Terrisporobacter	Peptostreptococcaceae	Clostridiales	Clostridia	Firmicutes	Terrabacteria group	Bacteria				20.563726466891733
1490	0.0009245321271871992	Paraclostridium bifermentans	Paraclostridium	Peptostreptococcaceae	Clostridiales	Clostridia	Firmicutes	Terrabacteria group	Bacteria				35.05733373081141
933059	0.00048670263065817476	Gemmobacter aquatilis	Gemmobacter	Rhodobacteraceae	Rhodobacterales	Alphaproteobacteria	Proteobacteria		Bacteria				18.45527705192733
1410040	0.00042570929061295533	Burkholderia rinojensis	Burkholderia	Burkholderiaceae	Burkholderiales	Betaproteobacteria	Proteobacteria		Bacteria				16.14247059075265
1520	0.0007401674284438938	Clostridium beijerinckii	Clostridium	Clostridiaceae	Clostridiales	Clostridia	Firmicutes	Terrabacteria group	Bacteria				28.06640871916401
1715860	0.000356261989586188	Staphylococcus sp. AntiMn-1	Staphylococcus	Staphylococcaceae	Bacillales	Bacilli	Firmicutes	Terrabacteria group	Bacteria				13.509098383118662
402734	0.0007399287058207788	Flavobacterium terrigena	Flavobacterium	Flavobacteriaceae	Flavobacteriales	Flavobacteriia	Bacteroidetes	FCB group	Bacteria				28.057356596018113
600629	0.000336422831134636	Roseomonas terricola	Roseomonas	Acetobacteraceae	Rhodospirillales	Alphaproteobacteria	Proteobacteria		Bacteria				12.756817333794263
444444	0.0005295108104095842	Chelatococcus daeguensis	Chelatococcus	Chelatococcaceae	Rhizobiales	Alphaproteobacteria	Proteobacteria		Bacteria				20.078520419921023
216778	0.002357061637907667	Stenotrophomonas rhizophila	Stenotrophomonas	Xanthomonadaceae	Xanthomonadales	Gammaproteobacteria	Proteobacteria		Bacteria				89.37742024782082
1244894	0.0006929990373372522	Sphingomonas fonticola	Sphingomonas	Sphingomonadaceae	Sphingomonadales	Alphaproteobacteria	Proteobacteria		Bacteria				26.277830496791267
470	0.0004012460924780902	Acinetobacter baumannii	Acinetobacter	Moraxellaceae	Pseudomonadales	Gammaproteobacteria	Proteobacteria		Bacteria			Acinetobacter calcoaceticus/baumannii complex	15.214850580676702
2683345	0.0009534698092880204	Achromobacter panacis	Achromobacter	Alcaligenaceae	Burkholderiales	Betaproteobacteria	Proteobacteria		Bacteria				36.15462169839245
1210884	0.0013983239309654628	Gemmata massiliana	Gemmata	Gemmataceae	Gemmatales	Planctomycetia	Planctomycetes	PVC group	Bacteria				53.023045138279386
2493639	0.0005206906001630618	Silvanigrellales bacterium RF1110005			Silvanigrellales	Oligoflexia	Proteobacteria		Bacteria				19.74406686758314
1414720	0.0013691676664928324	Clostridium saudiense	Clostridium	Clostridiaceae	Clostridiales	Clostridia	Firmicutes	Terrabacteria group	Bacteria				51.917468745741715
1559	0.0009756897077080807	Clostridium tertium	Clostridium	Clostridiaceae	Clostridiales	Clostridia	Firmicutes	Terrabacteria group	Bacteria				36.99717802658271
1502	0.00046592765521476925	Clostridium perfringens	Clostridium	Clostridiaceae	Clostridiales	Clostridia	Firmicutes	Terrabacteria group	Bacteria				17.667510758088834
29363	0.0005416794370038241	Clostridium paraputrificum	Clostridium	Clostridiaceae	Clostridiales	Clostridia	Firmicutes	Terrabacteria group	Bacteria				20.539942571748004
490186	0.0009295421309792921	Algoriphagus aquatilis	Algoriphagus	Cyclobacteriaceae	Cytophagales	Cytophagia	Bacteroidetes	FCB group	Bacteria				35.24730806460378
1807358	0.0005714636992523424	Stanieria sp. NIES-3757	Stanieria	Dermocarpellaceae	Pleurocapsales		Cyanobacteria	Terrabacteria group	Bacteria				21.66933201194957
102116	0.0005356894420213954	Stanieria cyanosphaera	Stanieria	Dermocarpellaceae	Pleurocapsales		Cyanobacteria	Terrabacteria group	Bacteria				20.31280795200929
1391653	0.0005887274453297638	Vulgatibacter incomptus	Vulgatibacter	Vulgatibacteraceae	Myxococcales	Deltaproteobacteria	Proteobacteria		Bacteria				22.32395599945931
161493	0.0003978442181397256	Anaeromyxobacter dehalogenans	Anaeromyxobacter	Anaeromyxobacteraceae	Myxococcales	Deltaproteobacteria	Proteobacteria		Bacteria				15.085854907640254
2086471	0.0006543365293175807	Adhaeribacter swui	Adhaeribacter	Hymenobacteraceae	Cytophagales	Cytophagia	Bacteroidetes	FCB group	Bacteria				24.811786855193343
2033869	0.00042531162920359547	Rhodobacter sp. CZR27	Rhodobacter	Rhodobacteraceae	Rhodobacterales	Alphaproteobacteria	Proteobacteria		Bacteria				16.127391667771136
654	0.0012332145793368045	Aeromonas veronii	Aeromonas	Aeromonadaceae	Aeromonadales	Gammaproteobacteria	Proteobacteria		Bacteria				46.76226363387229
293387	0.00046588106330501506	Bacillus altitudinis	Bacillus	Bacillaceae	Bacillales	Bacilli	Firmicutes	Terrabacteria group	Bacteria			Bacillus altitudinis complex	17.665744039462865
39493	0.0005872145330418006	Clostridium tarantellae	Clostridium	Clostridiaceae	Clostridiales	Clostridia	Firmicutes	Terrabacteria group	Bacteria				22.266587878412036
unassigned	0.0												298.0
